A01: 63.494747376612416
A02: 134.3444728418698
A03: -72.63800945123573
A04: 155.7622159919794
A05: 16.506998032016757
A06: -91.28549774568076
A07: -117.47084809304894
A08: -60.84821505942256
A09: 76.01427062672074
A10: -72.67323172241349
A11: 11.807816520896306
A12: 152.30199543858564
A13: 5.655593342663904
A14: -62.12305249471942
A15: -162.54873848463356
A16: 77.46071083864479
A17: 48.223449613479374
A18: 111.40110315993043
A19: -96.54826656155879
A20: 136.54986626177546
B01: -49.411895091158634
B02: 42.60932560037142
B03: -121.44948010655213
B04: 164.81153343124987
B05: -8.899357532502712
B06: -145.1358876965621
B07: -178.48398161969845
B08: -106.49997361006085
B09: 65.63256348059255
B10: -33.20255886695319
B11: 69.82169776988377
B12: 160.52431511147523
B13: -22.54108994737691
B14: -108.1155053275575
B15: 10.619267966603637
B16: -153.193781929828
B17: 166.33786921213314
B18: -106.49671230782269
B19: 99.29124706198033
B20: 45.45992460899081
C01: -41.903474800027354
C02: 83.60826923544245
C03: -16.660267952636243
C04: -11.737600105645301
C05: 128.6319641037214
C06: -47.574132999043286
C07: -91.31019460502291
C08: 2.7881572013998173
C09: -136.49519388827957
C10: -171.22460166635526
C11: -45.55256508620164
C12: -17.097447822116592
C13: 111.15586681495782
C14: 0.6887472510803562
C15: -111.95846001167796
C16: -5.338619405629743
C17: -70.68665841471032
C18: 68.59995988819914
C19: 19.064451857617033
C20: 87.45712146718311
D01: -78.66958010181551
D02: 89.47069416831714
D03: 62.06573476287933
D04: 145.35476943399016
D05: -118.69129939756736
D06: 23.369290279766595
D07: -31.749224648034907
D08: 86.3037932917657
D09: -3.7159437217633724
D10: 20.669172035038663
D11: 165.8836079855412
D12: 138.99571527423433
D13: -140.03830790835593
D14: 83.69122343667541
D15: 0.7666323005695045
D16: -120.98483042955276
D17: 81.48279443022717
D18: 35.25880927033254
D19: -149.54772225052938
D20: 94.5390212164651
E01: -129.2039448583912
E02: 42.79701849881221
E03: 21.507379375817273
E04: 110.81389954676945
E05: -156.57898208744473
E06: -17.81622427061303
E07: -73.86259138518072
E08: 46.12855557008612
E09: -40.0693189471067
E10: -11.353263324581338
E11: 135.2391695892862
E12: 104.38124736591837
E13: -178.2253286191916
E14: 43.47504138158875
E15: -73.25028277453404
E16: 123.74545702563648
E17: -60.78002870600774
E18: -62.15987874310705
E19: 146.24998720680276
E20: 47.97248600902193
F01: -153.94409655494147
F02: -23.50514164016192
F03: -114.85873430485259
F04: -99.6834496218639
F05: 34.79315559575451
F06: -146.7538380121916
F07: 168.08733355095248
F08: -94.80303719446675
F09: 132.306991410255
F10: 105.59144015820553
F11: -126.00891719102866
F12: -105.17817324569636
F13: 16.81355715119328
F14: -96.96763317409128
F15: 114.91823164368428
F16: -155.21707724244214
F17: 134.3782312882317
F18: -75.95425108536023
F19: -106.82010760852755
F20: -19.51216221746609
G01: 175.4047240236857
G02: -89.35884932368133
G03: 112.93603829269297
G04: 47.43815002843426
G05: -131.13735562867862
G06: 88.51477212631741
G07: 54.117142588948234
G08: 128.34489449139517
G09: -54.46902651180015
G10: -146.38025824325706
G11: -40.841922877448475
G12: 43.03559946867588
G13: -145.17849632867387
G14: 126.67988719302322
G15: -83.66638662440697
G16: 87.54839651186448
G17: 40.44655146119558
G18: 141.66106666995066
G19: 17.395602517802317
G20: 1.3302526096657283
