A01: -0.0
A02: -0.0
A03: -68.79131317138672
A04: 144.01071166992188
A05: 9.796289443969727
A06: -94.02476501464844
A07: -121.3149185180664
A08: -70.97348022460938
A09: -0.0
A10: -108.19381713867188
A11: -29.28666877746582
A12: 124.66674041748047
A13: -11.906880378723145
A14: -73.99799346923828
A15: -126.06232452392578
A16: -0.0
A17: 90.1692886352539
A18: -0.0
A19: -0.0
A20: -0.0
B01: -45.52598190307617
B02: 36.72916030883789
B03: -144.60488891601562
B04: 119.71794891357422
B05: -46.37300109863281
B06: -0.0
B07: 149.30859375
B08: -147.3439483642578
B09: 9.774430274963379
B10: -108.28999328613281
B11: -12.402445793151855
B12: 95.90299987792969
B13: -73.42579650878906
B14: -151.140869140625
B15: -0.0
B16: -112.00037384033203
B17: -152.2982635498047
B18: -78.13880920410156
B19: 104.21695709228516
B20: 21.156330108642578
C01: -83.08241271972656
C02: 27.428298950195312
C03: -97.88507843017578
C04: -121.73268127441406
C05: 28.429475784301758
C06: -139.0426025390625
C07: -0.0
C08: -101.43328094482422
C09: 99.86298370361328
C10: 42.094810485839844
C11: 159.6759033203125
C12: -151.55557250976562
C13: -6.182204723358154
C14: -106.35342407226562
C15: -107.02733612060547
C16: 29.922060012817383
C17: -31.307249069213867
C18: 80.73931884765625
C19: -0.0
C20: 6.6350178718566895
D01: 115.12288665771484
D02: -93.86238098144531
D03: -0.0
D04: -86.85092163085938
D05: 14.05540657043457
D06: 161.09730529785156
D07: 102.9318618774414
D08: -150.5265655517578
D09: 103.1260986328125
D10: 110.64469146728516
D11: -109.75824737548828
D12: -123.22227478027344
D13: -29.4593448638916
D14: -156.83592224121094
D15: -97.22815704345703
D16: -131.50535583496094
D17: -0.0
D18: -0.0
D19: 50.11246109008789
D20: -0.0
E01: 175.16851806640625
E02: -12.618029594421387
E03: -0.0
E04: 64.05457305908203
E05: 144.70681762695312
E06: -88.25375366210938
E07: -152.5373077392578
E08: -35.018714904785156
E09: -118.81416320800781
E10: -85.332763671875
E11: 62.55885314941406
E12: 25.066110610961914
E13: 97.3818130493164
E14: -41.95075988769531
E15: -165.42625427246094
E16: -0.0
E17: -1.1766129732131958
E18: 116.0662841796875
E19: -0.0
E20: -44.39097595214844
F01: -41.8054084777832
F02: 97.5195083618164
F03: -0.0
F04: 62.66791915893555
F05: 176.2755584716797
F06: -24.55821990966797
F07: -79.10050201416016
F08: 20.911603927612305
F09: -99.2508316040039
F10: -108.28314208984375
F11: 25.88646125793457
F12: 27.960941314697266
F13: 135.10296630859375
F14: 14.976225852966309
F15: 165.88296508789062
F16: -0.0
F17: -0.0
F18: -85.60066223144531
F19: -65.20152282714844
F20: 71.51670837402344
G01: -150.8464813232422
G02: -49.419593811035156
G03: -0.0
G04: 122.01216888427734
G05: -74.6386947631836
G06: 129.44500732421875
G07: 87.8519058227539
G08: 164.37274169921875
G09: -7.846656799316406
G10: -83.57527160644531
G11: 27.67353057861328
G12: -0.0
G13: -106.94187927246094
G14: 159.8003387451172
G15: -0.0
G16: -11.894792556762695
G17: -0.0
G18: -0.0
G19: -116.98098754882812
G20: -157.4747772216797
