A01: 165.3444366455078
A02: -64.97040557861328
A03: -60.73677062988281
A04: 156.99119567871094
A05: 44.84468460083008
A06: -79.41181182861328
A07: -140.81031799316406
A08: -121.28363800048828
A09: -179.00372314453125
A10: -120.01730346679688
A11: -45.3779182434082
A12: 102.43698120117188
A13: -5.45607328414917
A14: -61.05344009399414
A15: -127.16506958007812
A16: -13.929341316223145
A17: 86.67514038085938
A18: 4.25885009765625
A19: 104.13347625732422
A20: -98.22137451171875
B01: -28.200149536132812
B02: 30.7910099029541
B03: -157.7226104736328
B04: 127.5608901977539
B05: -56.15777587890625
B06: -162.86412048339844
B07: 152.16024780273438
B08: -116.82024383544922
B09: -1.5629791021347046
B10: -106.44629669189453
B11: -20.634641647338867
B12: 80.59263610839844
B13: -72.87763214111328
B14: -131.1847381591797
B15: -76.342041015625
B16: -114.71243286132812
B17: -154.39283752441406
B18: -81.23385620117188
B19: 101.84435272216797
B20: 24.444934844970703
C01: -64.4645767211914
C02: 29.236391067504883
C03: -102.88795471191406
C04: -125.0151138305664
C05: 34.137001037597656
C06: -135.12509155273438
C07: -150.86212158203125
C08: -70.22198486328125
C09: 130.9331817626953
C10: 59.03633499145508
C11: 156.5289306640625
C12: -163.4288330078125
C13: 3.5072901248931885
C14: -77.62159729003906
C15: -105.16874694824219
C16: 29.79733657836914
C17: -32.379737854003906
C18: 81.50836181640625
C19: 4.1406755447387695
C20: 5.868867874145508
D01: 125.55138397216797
D02: -105.41091918945312
D03: -99.20683288574219
D04: -80.16184997558594
D05: 32.937278747558594
D06: -175.1090087890625
D07: 103.53929138183594
D08: -129.06643676757812
D09: 117.98207092285156
D10: 116.09736633300781
D11: -96.70732879638672
D12: -133.05294799804688
D13: -23.6910400390625
D14: -136.00265502929688
D15: -97.50650024414062
D16: -132.01113891601562
D17: 99.65985870361328
D18: 154.8390350341797
D19: 49.231353759765625
D20: 146.45411682128906
E01: 177.0595245361328
E02: -12.304434776306152
E03: -47.169525146484375
E04: 66.76014709472656
E05: 139.91603088378906
E06: -114.05500793457031
E07: -118.03071594238281
E08: -57.26597213745117
E09: -115.90957641601562
E10: -68.30422973632812
E11: 66.65474700927734
E12: 29.717700958251953
E13: 87.23039245605469
E14: -35.06753158569336
E15: -165.89219665527344
E16: 4.772475242614746
E17: -1.2090257406234741
E18: 115.82923889160156
E19: 171.572021484375
E20: -43.16933822631836
F01: -34.338279724121094
F02: 95.47525787353516
F03: 13.061083793640137
F04: 77.70673370361328
F05: -149.90225219726562
F06: 1.7902534008026123
F07: -97.06053161621094
F08: 26.84006118774414
F09: -97.59884643554688
F10: -101.57716369628906
F11: 33.36823654174805
F12: 15.948871612548828
F13: 131.0603485107422
F14: 34.769142150878906
F15: 166.12046813964844
F16: -137.8828125
F17: -167.27862548828125
F18: -85.9886703491211
F19: -63.95360565185547
F20: 72.12764739990234
G01: -128.2261505126953
G02: -53.02491760253906
G03: 46.52060317993164
G04: 129.29380798339844
G05: -77.20250701904297
G06: 138.28672790527344
G07: 75.65802001953125
G08: 171.1415252685547
G09: 4.455783367156982
G10: -80.4875259399414
G11: 35.71985626220703
G12: -53.07637405395508
G13: -112.92866516113281
G14: 171.87295532226562
G15: -68.52189636230469
G16: -13.032658576965332
G17: 166.6021270751953
G18: -145.48207092285156
G19: -114.05294799804688
G20: -159.47938537597656
