A01: 11.388483448902447
A02: 78.25769802151144
A03: -136.98902182767995
A04: 79.85962870228973
A05: -52.45983439165301
A06: -154.6528788354191
A07: -179.44618133204435
A08: -125.8178530564968
A09: 4.043630508902066
A10: -154.83843877892014
A11: -74.2384968347891
A12: 76.56783828082028
A13: -62.75688809582567
A14: -127.02591972845713
A15: 158.74960839244292
A16: 46.34437464433694
A17: 19.00817075615569
A18: 78.10425974939834
A19: -139.27935325032965
A20: 80.34079234106972
B01: -118.6427144348536
B02: -32.85816328642197
B03: 150.6297300060931
B04: 60.48923689472892
B05: -103.50653183023982
B06: 128.39230182275864
B07: 97.1097615089257
B08: 164.6723611769938
B09: -33.2294336197138
B10: -145.9801621123917
B11: -48.0555015783284
B12: 56.4334528231227
B13: -116.35487813661243
B14: 163.15454910701865
B15: -36.3186657262151
B16: 173.48338006728454
B17: 136.5547492236035
B18: -143.81487138885467
B19: 45.42874675186267
B20: -30.196633601316194
C01: -152.16376187417927
C02: -36.42157570451306
C03: -154.733714888494
C04: -171.125787568759
C05: -18.43301658168577
C06: 176.36117286033928
C07: 135.5278457937693
C08: -136.53125037679678
C09: 70.9407907360554
C10: 19.291364822275792
C11: 139.1266713574584
C12: -176.20145283424873
C13: -34.86516512780786
C14: -138.49681443297825
C15: 177.88895350423832
C16: -45.63009795307658
C17: -102.3211572962893
C18: 19.01526745006933
C19: -64.54461271042608
C20: -32.860696059935414
D01: 61.06147963951567
D02: -140.65215164595725
D03: 175.96758848868416
D04: -116.86867703551216
D05: -11.898969776758882
D06: 138.92931953504996
D07: 86.2558778033631
D08: -160.80945087109248
D09: 98.95749414880187
D10: 111.58786681844096
D11: -106.9753893381265
D12: -123.02824709797713
D13: -32.4452852184506
D14: -163.31345817260453
D15: -163.8501693623391
D16: 153.2428288910323
D17: 35.14682858922553
D18: -81.69959464041891
D19: 23.505004290730724
D20: -135.85990811516746
E01: 161.26169328259246
E02: -21.138266117643987
E03: -33.702638182489174
E04: 64.04188042241275
E05: 151.97246482197872
E06: -73.91364431213302
E07: -131.27585649079143
E08: -8.540150495892043
E09: -89.36905250003889
E10: -54.631173285609705
E11: 93.86476388721483
E12: 57.50680707097771
E13: 129.9058826444865
E14: -11.251487345669462
E15: -178.88160686838324
E16: -60.9694937179461
E17: 36.214313865403135
E18: 150.86929237356063
E19: 56.196455640957154
E20: -15.808471490514863
F01: -14.99847643146271
F02: 126.35876634466021
F03: 54.30737567210336
F04: 91.04605150155906
F05: -146.7942104816512
F06: 20.314407616068195
F07: -27.897575940374004
F08: 75.65826495794136
F09: -43.73557278382754
F10: -53.86692780053664
F11: 80.10046974695318
F12: 85.27163478885218
F13: -165.83565982284404
F14: 73.35475405314526
F15: -155.27936982784
F16: -108.01701788895836
F17: 167.93998210593207
F18: -14.811346680071589
F19: 0.34465708959400015
F20: 130.66831468496554
G01: -104.49292563046659
G02: -1.8404990751185837
G03: -145.0692209673746
G04: 167.88140225841389
G05: -21.541020881822572
G06: -171.15311250083542
G07: 152.06947046740586
G08: -128.62259062084172
G09: 59.90588976586489
G10: -16.67607079904279
G11: 94.37159076108011
G12: 163.2230741275799
G13: -36.47818098285466
G14: -130.39931883556946
G15: -136.25159658823767
G16: 52.63642220835596
G17: 10.249095554752865
G18: 101.48869892476019
G19: -43.915462968403965
G20: -86.4111328672867
