A05: -44.40153121948242
A06: -150.24737548828125
A07: -178.84019470214844
A08: -129.00318908691406
A09: -2.7725682258605957
A10: -165.00306701660156
B05: -93.76205444335938
B06: 133.63217163085938
B07: 97.56265258789062
B08: 160.36148071289062
B09: -41.98462677001953
B10: -158.65853881835938
C05: -6.3736677169799805
C06: -177.22215270996094
C07: 135.7113800048828
C08: -142.5140838623047
C09: 59.47481918334961
C10: 3.3399903774261475
D05: 2.6676785945892334
D06: 146.65118408203125
D07: 85.96414184570312
D08: -168.9425048828125
D09: 84.35127258300781
D10: 92.21957397460938
E05: 167.08863830566406
E06: -66.08416748046875
E07: -132.17176818847656
E08: -17.899532318115234
E09: -105.4635009765625
E10: -75.4522705078125
F05: -134.1713409423828
F06: 26.446134567260742
F07: -29.131933212280273
F08: 67.24148559570312
F09: -58.21156311035156
F10: -72.9493179321289
G05: -11.969249725341797
G06: -166.82066345214844
G07: 150.7635040283203
G08: -135.4726104736328
G09: 48.06122589111328
G10: -32.708396911621094
