A01: 158.62733459472656
A02: -42.97978210449219
A03: -72.0408706665039
A04: 161.67608642578125
A05: 43.790313720703125
A06: -84.2242431640625
A07: -139.32752990722656
A08: -114.7666244506836
A09: -175.6387481689453
A10: -123.30171203613281
A11: -40.45555877685547
A12: 110.72615051269531
A13: -4.8312249183654785
A14: -61.49419021606445
A15: -130.1145782470703
A16: -7.275090217590332
A17: 85.9581527709961
A18: -1.3351036310195923
A19: 92.83738708496094
A20: -104.58817291259766
B01: -28.96154022216797
B02: 31.893754959106445
B03: -157.03514099121094
B04: 123.24552154541016
B05: -65.33425903320312
B06: -166.874755859375
B07: 152.60658264160156
B08: -121.03146362304688
B09: 0.721593976020813
B10: -108.59988403320312
B11: -24.402557373046875
B12: 87.57546997070312
B13: -71.30290985107422
B14: -130.09274291992188
B15: -49.5
B16: -113.39656829833984
B17: -153.74407958984375
B18: -79.95771789550781
B19: 99.4289779663086
B20: 25.274335861206055
C01: -66.05875396728516
C02: 23.817535400390625
C03: -101.10997009277344
C04: -128.41285705566406
C05: 35.22675323486328
C06: -131.34149169921875
C07: -155.1995086669922
C08: -72.06632232666016
C09: 132.0962677001953
C10: 57.881492614746094
C11: 157.7701416015625
C12: -163.31100463867188
C13: 3.7263600826263428
C14: -75.6141128540039
C15: -105.1686782836914
C16: 29.772167205810547
C17: -32.18278121948242
C18: 81.70597839355469
C19: 52.92766189575195
C20: 5.616478443145752
D01: 124.63774871826172
D02: -104.3202133178711
D03: -97.54041290283203
D04: -80.78515625
D05: 33.688568115234375
D06: -175.0301513671875
D07: 102.38533020019531
D08: -129.91738891601562
D09: 117.32447814941406
D10: 114.83118438720703
D11: -96.92747497558594
D12: -130.29225158691406
D13: -25.72148895263672
D14: -135.8221893310547
D15: -97.44061279296875
D16: -131.783447265625
D17: 90.43058013916016
D18: 132.27740478515625
D19: 49.763893127441406
D20: 135.56280517578125
E01: 176.77777099609375
E02: -12.66590690612793
E03: -32.61030960083008
E04: 69.41390228271484
E05: 140.48007202148438
E06: -114.38334655761719
E07: -113.88440704345703
E08: -59.63722610473633
E09: -116.16234588623047
E10: -67.02227020263672
E11: 64.45165252685547
E12: 28.1409969329834
E13: 89.2773666381836
E14: -35.980472564697266
E15: -165.77777099609375
E16: -14.734014511108398
E17: -1.216008186340332
E18: 115.65034484863281
E19: 146.26112365722656
E20: -43.677494049072266
F01: -33.5556640625
F02: 93.6583480834961
F03: 21.342758178710938
F04: 73.46278381347656
F05: -148.427734375
F06: 4.210988998413086
F07: -98.86235809326172
F08: 21.69353675842285
F09: -98.69673919677734
F10: -101.57476806640625
F11: 34.634361267089844
F12: 16.55642318725586
F13: 131.6199493408203
F14: 34.88307189941406
F15: 165.81924438476562
F16: -173.54649353027344
F17: -174.13357543945312
F18: -86.60054016113281
F19: -64.69000244140625
F20: 71.99253845214844
G01: -126.6888427734375
G02: -47.96965789794922
G03: 60.874515533447266
G04: 129.59327697753906
G05: -81.19511413574219
G06: 134.8965301513672
G07: 75.3700942993164
G08: 172.2724151611328
G09: 4.629630088806152
G10: -78.08509063720703
G11: 32.79008102416992
G12: -57.05001449584961
G13: -114.1557388305664
G14: 171.1248321533203
G15: -42.43678665161133
G16: -13.538180351257324
G17: 175.7469024658203
G18: -98.4393081665039
G19: -113.88574981689453
G20: -160.51608276367188
