folder: smc0-0
aggregation: mean
grid_res_m: 0.03260869565217391
target_location: 3.279058, 1.749359, 0.2528133087158203
max_power_uW: 52.861308
max_cell_center_m: 2.955916, 1.815451
max_cell_index: 16, 41
max_cell_count: 1
target_cell_index: 36, 37
target_cell_center_m: 3.282003, 1.750234
target_power_uW: 0.000484
target_cell_count: 1
