folder: smc2-0
aggregation: mean
grid_res_m: 0.03260869565217391
target_location: 3.279058, 1.749359, 0.2528133087158203
max_power_uW: 20.881215
max_cell_center_m: 3.102721, 1.898095
max_cell_index: 25, 47
max_cell_count: 2
target_cell_index: 36, 38
target_cell_center_m: 3.282069, 1.751355
target_power_uW: 0.245026
target_cell_count: 2
