folder: RECI-0
aggregation: mean
grid_res_m: 0.03260869565217391
target_location: 3.279058, 1.749359, 0.2528133087158203
max_power_uW: 62.847315
max_cell_center_m: 3.312219, 1.724589
max_cell_index: 38, 39
max_cell_count: 2
target_cell_index: 36, 41
target_cell_center_m: 3.279610, 1.757198
target_power_uW: 46.065481
target_cell_count: 0
